Session Information:,,,,Device Information:,,,,Oarlock Information:,,,,Oarlock Settings:

Name:,200M,,,Name:,SpdCoach 2739060,,,Firmware:,---,,,Boat ID:,---
Start Time:,08/16/2023 12:00,,,Model:,SpeedCoach GPS Pro,,,,,,,Seat Number:,---
Type:,Interval,,,Serial:,2739060,,,,,,,Port Starboard:,---
System of Units:,Meters/Split500,,,Firmware Version:,2.23,,,,,,,Oar Length:,---
Speed Input:,Impeller,,,Profile Version:,0.03,,,,,,,Inboard Length:,---
,,,,Hardware Version:,Rev 11,,,,,,,,
,,,,LiNK Version:,2.1.68,,,,,,,,


Session Summary:

Total Intervals,Total Distance (GPS),Total Distance (IMP),Total Elapsed Time,Avg Split (GPS),Avg Speed (GPS),Avg Split (IMP),Avg Speed (IMP),Avg Stroke Rate,Total Strokes,Distance/Stroke (GPS),Distance/Stroke (IMP),Avg Heart Rate,Avg Power,Avg Catch,Avg Slip,Avg Finish,Avg Wash,Avg Force Avg,Avg Work,Avg Force Max,Avg Max Force Angle,Start GPS Lat.,Start GPS Lon.
(Interval),(Meters),(Meters),(HH:MM:SS.tenths),(/500),(M/S),(/500),(M/S),(SPM),(Strokes),(Meters),(Meters),(BPM),(Watts),(Degrees),(Degrees),(Degrees),(Degrees),(Newtons),(Joules),(Newtons),(Degrees),(Degrees),(Degrees)
1,174.8,200.0,00:00:59.7,00:02:48.7,2.96,00:02:29.3,3.35,20.5,21,8.3,9.5,131.0,---,---,---,---,---,---,---,---,---,46.9622137,7.3788123


Interval Summaries:

Interval,Total Distance (GPS),Total Distance (IMP),Total Elapsed Time,Avg Split (GPS),Avg Speed (GPS),Avg Split (IMP),Avg Speed (IMP),Avg Stroke Rate,Total Strokes,Distance/Stroke (GPS),Distance/Stroke (IMP),Avg Heart Rate,Avg Power,Avg Catch,Avg Slip,Avg Finish,Avg Wash,Avg Force Avg,Avg Work,Avg Force Max,Avg Max Force Angle,Start GPS Lat.,Start GPS Lon.
(Interval),(Meters),(Meters),(HH:MM:SS.tenths),(/500),(M/S),(/500),(M/S),(SPM),(Strokes),(Meters),(Meters),(BPM),(Watts),(Degrees),(Degrees),(Degrees),(Degrees),(Newtons),(Joules),(Newtons),(Degrees),(Degrees),(Degrees)
1,174.8,200.0,00:00:59.7,00:02:48.9,2.96,00:02:29.3,3.35,20.5,21,8.3,9.5,131.0,---,---,---,---,---,---,---,---,---,46.9622137,7.3788123



Per-Stroke Data:

Interval,Distance (GPS),Distance (IMP),Elapsed Time,Split (GPS),Speed (GPS),Split (IMP),Speed (IMP),Stroke Rate,Total Strokes,Distance/Stroke (GPS),Distance/Stroke (IMP),Heart Rate,Power,Catch,Slip,Finish,Wash,Force Avg,Work,Force Max,Max Force Angle,GPS Lat.,GPS Lon.
(Interval),(Meters),(Meters),(HH:MM:SS.tenths),(/500),(M/S),(/500),(M/S),(SPM),(Strokes),(Meters),(Meters),(BPM),(Watts),(Degrees),(Degrees),(Degrees),(Degrees),(Newtons),(Joules),(Newtons),(Degrees),(Degrees),(Degrees)
1,0.9,1.6,00:00:00.6,00:02:47.8,2.98,00:00:00.0,0.00,21.0,1,0.9,1.6,122,---,---,---,---,---,---,---,---,---,46.9622210,7.3788160
1,9.5,11.6,00:00:03.7,00:02:50.6,2.93,00:02:31.1,3.31,21.0,2,8.6,10.0,123,---,---,---,---,---,---,---,---,---,46.9622939,7.3788543
1,17.6,19.9,00:00:06.2,00:02:52.4,2.90,00:02:34.3,3.24,20.5,3,8.1,8.3,125,---,---,---,---,---,---,---,---,---,46.9623633,7.3788877
1,26.3,29.8,00:00:09.2,00:02:54.2,2.87,00:02:32.4,3.28,21.0,4,8.7,9.9,126,---,---,---,---,---,---,---,---,---,46.9624379,7.3789200
1,34.4,39.0,00:00:12.0,00:02:57.3,2.82,00:02:32.9,3.27,20.0,5,8.1,9.2,128,---,---,---,---,---,---,---,---,---,46.9625081,7.3789489
1,42.9,48.6,00:00:15.0,00:02:58.6,2.80,00:02:33.4,3.26,20.5,6,8.5,9.7,128,---,---,---,---,---,---,---,---,---,46.9625817,7.3789782
1,51.7,58.6,00:00:18.0,00:02:56.7,2.83,00:02:32.4,3.28,19.5,7,8.9,10.0,129,---,---,---,---,---,---,---,---,---,46.9626588,7.3790073
1,60.2,68.0,00:00:20.8,00:02:54.8,2.86,00:02:30.6,3.32,21.0,8,8.4,9.4,130,---,---,---,---,---,---,---,---,---,46.9627322,7.3790336
1,69.0,78.2,00:00:23.8,00:02:52.4,2.90,00:02:26.6,3.41,20.5,9,8.9,10.2,130,---,---,---,---,---,---,---,---,---,46.9628097,7.3790595
1,77.5,87.9,00:00:26.6,00:02:50.6,2.93,00:02:26.2,3.42,20.5,10,8.5,9.7,131,---,---,---,---,---,---,---,---,---,46.9628839,7.3790870
1,86.2,97.9,00:00:29.6,00:02:50.6,2.93,00:02:29.7,3.34,20.5,11,8.7,10.0,132,---,---,---,---,---,---,---,---,---,46.9629602,7.3791123
1,94.3,107.2,00:00:32.4,00:02:51.8,2.91,00:02:29.3,3.35,20.5,12,8.2,9.4,134,---,---,---,---,---,---,---,---,---,46.9630310,7.3791375
1,102.9,117.1,00:00:35.4,00:02:53.6,2.88,00:02:31.1,3.31,20.5,13,8.6,10.0,134,---,---,---,---,---,---,---,---,---,46.9631059,7.3791648
1,111.2,126.5,00:00:38.2,00:02:53.6,2.88,00:02:29.3,3.35,21.0,14,8.2,9.4,135,---,---,---,---,---,---,---,---,---,46.9631777,7.3791911
1,119.5,136.2,00:00:41.0,00:02:51.2,2.92,00:02:27.5,3.39,21.0,15,8.3,9.6,135,---,---,---,---,---,---,---,---,---,46.9632504,7.3792183
1,128.3,146.3,00:00:44.0,00:02:48.9,2.96,00:02:25.3,3.44,20.5,16,8.8,10.2,136,---,---,---,---,---,---,---,---,---,46.9633268,7.3792453
1,136.4,155.8,00:00:46.8,00:02:51.2,2.92,00:02:30.1,3.33,20.5,17,8.2,9.5,135,---,---,---,---,---,---,---,---,---,46.9633983,7.3792689
1,144.7,165.3,00:00:49.6,00:02:52.4,2.90,00:02:25.8,3.43,22.0,18,8.3,9.5,135,---,---,---,---,---,---,---,---,---,46.9634704,7.3792967
1,152.9,174.9,00:00:52.4,00:02:50.6,2.93,00:02:28.4,3.37,21.0,19,8.2,9.5,136,---,---,---,---,---,---,---,---,---,46.9635417,7.3793224
1,161.0,184.4,00:00:55.2,00:02:51.8,2.91,00:02:26.2,3.42,22.0,20,8.1,9.5,137,---,---,---,---,---,---,---,---,---,46.9636117,7.3793496
1,170.3,194.5,00:00:58.2,00:02:50.1,2.94,00:02:27.5,3.39,20.5,21,9.3,10.1,136,---,---,---,---,---,---,---,---,---,46.9636933,7.3793780
